                                                                   
     000000      000000    77777777777777777. 7******************  
    00    00    00    00   7777777777777777. 7*******************  
   00      00  00      00  77          777. 7000000000000000000    
   00      00  00      00             777. 777777  888   o         
   00      00  00      00            777. 777777    88  o          
   00      00  00      00           777. 777777 o    8 o           
   00      00  00      00          777. 7777777  oooooo            
    00    00    00    00          777. 77777777                    
     000000      000000          77777                             

