
                   6666666                    
            66666          66666              
         6666                   666           
       666  6                    6 666        
     666     66               666    66       
    66       66666         66666      666     
   66         6   66     66   66       666    
  66          66    6666     66         666   
 666           66  666 66   66           66   
 66            6666       6666           666  
 66           6666         6666          666  
 66        666                 666       666  
 66     666      66       66      666    666  
 666  666666666666666666666666666666666  66   
  66               6    66              666   
   66              66   66             666    
    66              6  66             666     
       666           666           666        
         6666         6         666           
            66666     6    66666              

